18.0 0.060373 3.411190000000001e-05 0.030139 1.252085e-05
18.1010101010101 0.060568 3.41704e-05 0.030677 1.2601550000000001e-05
18.2020202020202 0.060761 3.4228300000000006e-05 0.031202 1.2680300000000001e-05
18.303030303030305 0.060951 3.42853e-05 0.031731 1.2759650000000002e-05
18.404040404040405 0.06114 3.4342000000000004e-05 0.032269 1.284035e-05
18.505050505050505 0.06133 3.439900000000001e-05 0.032818 1.29227e-05
18.606060606060606 0.061534 3.4460200000000006e-05 0.033373 1.300595e-05
18.707070707070706 0.061717 3.4515100000000004e-05 0.03393 1.30895e-05
18.80808080808081 0.061899 3.45697e-05 0.034488 1.3173200000000001e-05
18.90909090909091 0.06208 3.4624e-05 0.035052 1.32578e-05
19.01010101010101 0.062263 3.4678900000000004e-05 0.035628 1.33442e-05
19.11111111111111 0.062452 3.47356e-05 0.036215 1.343225e-05
19.21212121212121 0.062633 3.4789900000000004e-05 0.036796 1.3519400000000001e-05
19.313131313131315 0.062815 3.48445e-05 0.037388 1.3608200000000001e-05
19.414141414141415 0.062999 3.48997e-05 0.037983 1.3697450000000002e-05
19.515151515151516 0.063181 3.49543e-05 0.038584 1.3787600000000002e-05
19.616161616161616 0.063361 3.50083e-05 0.039193 1.387895e-05
19.717171717171716 0.063557 3.50671e-05 0.039805 1.3970750000000002e-05
19.818181818181817 0.063736 3.5120800000000004e-05 0.040424 1.4063600000000002e-05
19.91919191919192 0.063908 3.517240000000001e-05 0.041058 1.41587e-05
20.02020202020202 0.064084 3.52252e-05 0.04169 1.4253500000000002e-05
20.12121212121212 0.064259 3.52777e-05 0.042325 1.434875e-05
20.22222222222222 0.064436 3.5330800000000004e-05 0.042957 1.4443550000000002e-05
20.32323232323232 0.064614 3.5384200000000006e-05 0.043615 1.4542250000000001e-05
20.424242424242426 0.06479 3.5437000000000006e-05 0.044267 1.464005e-05
20.525252525252526 0.064968 3.54904e-05 0.044933 1.4739950000000001e-05
20.626262626262626 0.065144 3.55432e-05 0.045598 1.4839700000000001e-05
20.727272727272727 0.065318 3.55954e-05 0.046254 1.4938100000000002e-05
20.828282828282827 0.065489 3.56467e-05 0.046913 1.5036950000000002e-05
20.929292929292927 0.06567 3.5701e-05 0.047559 1.513385e-05
21.03030303030303 0.065832 3.57496e-05 0.048205 1.523075e-05
21.13131313131313 0.065988 3.57964e-05 0.048836 1.53254e-05
21.232323232323232 0.066148 3.5844400000000005e-05 0.049523 1.542845e-05
21.333333333333332 0.066308 3.58924e-05 0.050225 1.553375e-05
21.434343434343432 0.066473 3.59419e-05 0.050931 1.5639650000000002e-05
21.535353535353536 0.066649 3.59947e-05 0.05166 1.5749e-05
21.636363636363637 0.066818 3.60454e-05 0.052379 1.5856850000000004e-05
21.737373737373737 0.066984 3.60952e-05 0.053062 1.59593e-05
21.838383838383837 0.067135 3.61405e-05 0.053744 1.6061600000000002e-05
21.939393939393938 0.067306 3.619180000000001e-05 0.054506 1.6175900000000002e-05
22.04040404040404 0.067496 3.62488e-05 0.055283 1.629245e-05
22.141414141414142 0.06766 3.6298000000000004e-05 0.056032 1.6404800000000003e-05
22.242424242424242 0.067823 3.63469e-05 0.056834 1.6525100000000002e-05
22.343434343434343 0.067984 3.639520000000001e-05 0.057583 1.663745e-05
22.444444444444443 0.068153 3.64459e-05 0.058325 1.674875e-05
22.545454545454547 0.068327 3.64981e-05 0.059082 1.6862300000000003e-05
22.646464646464647 0.068433 3.65299e-05 0.059878 1.69817e-05
22.747474747474747 0.068659 3.65977e-05 0.060658 1.70987e-05
22.848484848484848 0.068827 3.66481e-05 0.061467 1.722005e-05
22.949494949494948 0.068992 3.6697600000000006e-05 0.062315 1.734725e-05
23.050505050505052 0.069149 3.674470000000001e-05 0.0631 1.7465000000000003e-05
23.151515151515152 0.069325 3.67975e-05 0.063987 1.759805e-05
23.252525252525253 0.069497 3.6849100000000006e-05 0.06484 1.7726e-05
23.353535353535353 0.069674 3.69022e-05 0.065742 1.78613e-05
23.454545454545453 0.069847 3.6954100000000006e-05 0.06659 1.79885e-05
23.555555555555557 0.070009 3.7002700000000004e-05 0.067426 1.8113900000000003e-05
23.656565656565657 0.070171 3.70513e-05 0.068264 1.82396e-05
23.757575757575758 0.070333 3.70999e-05 0.069106 1.83659e-05
23.858585858585858 0.070488 3.71464e-05 0.070034 1.85051e-05
23.95959595959596 0.070656 3.71968e-05 0.070853 1.8627950000000002e-05
24.060606060606062 0.070831 3.72493e-05 0.071815 1.877225e-05
24.161616161616163 0.070999 3.7299700000000005e-05 0.072777 1.891655e-05
24.262626262626263 0.071178 3.73534e-05 0.073678 1.90517e-05
24.363636363636363 0.071336 3.74008e-05 0.074439 1.9165850000000002e-05
24.464646464646464 0.071498 3.74494e-05 0.075467 1.932005e-05
24.565656565656568 0.071637 3.7491100000000004e-05 0.076297 1.944455e-05
24.666666666666668 0.071795 3.75385e-05 0.077088 1.9563200000000003e-05
24.767676767676768 0.07192 3.7576e-05 0.0779 1.9685e-05
24.86868686868687 0.072093 3.7627900000000006e-05 0.0789 1.9835000000000002e-05
24.96969696969697 0.072287 3.7686100000000005e-05 0.079872 1.9980800000000004e-05
25.070707070707073 0.07246 3.7738e-05 0.080743 2.0111450000000002e-05
25.17171717171717 0.0726 3.778e-05 0.082083 2.0312450000000002e-05
25.272727272727273 0.07278 3.7834000000000004e-05 0.082871 2.043065e-05
25.373737373737374 0.072921 3.78763e-05 0.083634 2.05451e-05
25.474747474747474 0.073083 3.79249e-05 0.084539 2.068085e-05
25.575757575757574 0.073273 3.79819e-05 0.086066 2.09099e-05
25.676767676767675 0.07343 3.8029e-05 0.086963 2.104445e-05
25.77777777777778 0.073576 3.80728e-05 0.08742 2.1113e-05
25.87878787878788 0.073723 3.81169e-05 0.089135 2.137025e-05
25.97979797979798 0.073914 3.8174200000000005e-05 0.090209 2.153135e-05
26.080808080808083 0.074095 3.82285e-05 0.091067 2.166005e-05
26.18181818181818 0.074214 3.82642e-05 0.092137 2.1820550000000002e-05
26.282828282828284 0.074389 3.83167e-05 0.093187 2.1978050000000002e-05
26.383838383838384 0.074546 3.83638e-05 0.094256 2.21384e-05
26.484848484848484 0.074718 3.8415400000000005e-05 0.095411 2.2311650000000002e-05
26.58585858585859 0.074864 3.84592e-05 0.096356 2.2453399999999997e-05
26.686868686868685 0.075017 3.8505100000000005e-05 0.097438 2.26157e-05
26.78787878787879 0.075177 3.85531e-05 0.098472 2.2770800000000002e-05
26.88888888888889 0.075323 3.85969e-05 0.099515 2.2927250000000003e-05
26.98989898989899 0.075491 3.8647300000000005e-05 0.100758 2.3113700000000002e-05
27.09090909090909 0.075665 3.86995e-05 0.101777 2.3266550000000002e-05
27.19191919191919 0.075841 3.8752300000000005e-05 0.103066 2.34599e-05
27.292929292929294 0.075974 3.8792200000000004e-05 0.104125 2.361875e-05
27.393939393939394 0.076132 3.883960000000001e-05 0.105321 2.379815e-05
27.494949494949495 0.076266 3.88798e-05 0.106327 2.394905e-05
27.595959595959595 0.076463 3.89389e-05 0.10765 2.41475e-05
27.696969696969695 0.076607 3.89821e-05 0.10871 2.4306500000000002e-05
27.7979797979798 0.076777 3.90331e-05 0.109986 2.44979e-05
27.8989898989899 0.076972 3.90916e-05 0.111336 2.47004e-05
28.0 0.077093 3.91279e-05 0.112776 2.49164e-05
