1.0 0.0121954 8.87816e-06
1.1919191919191918 0.0140553 9.62212e-06
1.3838383838383839 0.0148291 9.931640000000001e-06
1.5757575757575757 0.0154734 1.0189360000000002e-05
1.7676767676767677 0.0168083 1.0723320000000001e-05
1.9595959595959596 0.0173379 1.093516e-05
2.1515151515151514 0.0181715 1.1268600000000003e-05
2.3434343434343434 0.0190887 1.1635480000000001e-05
2.5353535353535355 0.0198639 1.1945560000000002e-05
2.727272727272727 0.020671 2.22013e-05
2.919191919191919 0.021468 2.2440400000000003e-05
3.111111111111111 0.022472 2.2741600000000003e-05
3.3030303030303028 0.022989 2.28967e-05
3.494949494949495 0.023712 2.3113600000000002e-05
3.686868686868687 0.02445 2.3335000000000003e-05
3.8787878787878785 0.025134 2.3540200000000002e-05
4.070707070707071 0.025843 2.37529e-05
4.262626262626263 0.026501 2.39503e-05
4.454545454545454 0.02721 2.4163000000000006e-05
4.646464646464646 0.027818 2.4345400000000002e-05
4.838383838383838 0.028544 2.4563200000000002e-05
5.03030303030303 0.029092 2.4727600000000004e-05
5.222222222222222 0.029835 2.4950500000000004e-05
5.4141414141414135 0.030333 2.50999e-05
5.6060606060606055 0.030935 2.5280500000000003e-05
5.797979797979798 0.031539 2.54617e-05
5.98989898989899 0.032123 2.5636900000000002e-05
6.181818181818182 0.032708 2.5812400000000004e-05
6.373737373737374 0.033279 2.5983700000000007e-05
6.565656565656565 0.033862 2.6158600000000004e-05
6.757575757575757 0.034411 2.6323300000000003e-05
6.949494949494949 0.035033 2.6509900000000002e-05
7.141414141414141 0.035512 2.6653600000000005e-05
7.333333333333333 0.036054 2.6816200000000003e-05
7.525252525252525 0.036592 2.6977600000000004e-05
7.717171717171717 0.037123 2.71369e-05
7.909090909090908 0.037651 2.7295300000000003e-05
8.1010101010101 0.03817 2.7451000000000005e-05
8.292929292929292 0.038691 2.7607300000000002e-05
8.484848484848484 0.039196 2.7758800000000003e-05
8.676767676767676 0.039737 2.79211e-05
8.868686868686869 0.0402 2.8060000000000002e-05
9.06060606060606 0.04073 2.8219000000000002e-05
9.252525252525253 0.041186 2.8355800000000004e-05
9.444444444444445 0.041666 2.84998e-05
9.636363636363635 0.042148 2.86444e-05
9.828282828282827 0.042623 2.8786900000000004e-05
10.020202020202019 0.043097 2.89291e-05
10.212121212121211 0.043564 2.9069200000000003e-05
10.404040404040403 0.044057 2.9217100000000002e-05
10.595959595959595 0.044493 2.9347900000000004e-05
10.787878787878787 0.044977 2.9493100000000004e-05
10.97979797979798 0.045408 2.9622400000000003e-05
11.171717171717171 0.045858 2.9757400000000004e-05
11.363636363636363 0.046305 2.9891500000000003e-05
11.555555555555555 0.046756 3.0026800000000002e-05
11.747474747474747 0.047201 3.0160300000000003e-05
11.93939393939394 0.047638 3.0291400000000003e-05
12.13131313131313 0.048091 3.0427300000000003e-05
12.323232323232322 0.048499 3.05497e-05
12.515151515151514 0.04895 3.0685e-05
12.707070707070706 0.049377 3.08131e-05
12.898989898989898 0.049797 3.09391e-05
13.09090909090909 0.050222 3.1066600000000005e-05
13.282828282828282 0.050675 3.12025e-05
13.474747474747474 0.051064 3.13192e-05
13.666666666666666 0.051448 3.14344e-05
13.858585858585858 0.051858 3.15574e-05
14.05050505050505 0.052245 3.16735e-05
14.242424242424242 0.052649 3.17947e-05
14.434343434343434 0.053057 3.19171e-05
14.626262626262625 0.053451 3.20353e-05
14.818181818181817 0.053868 3.2160400000000005e-05
15.010101010101009 0.05424 3.2272000000000005e-05
15.2020202020202 0.054628 3.23884e-05
15.393939393939393 0.055017 3.25051e-05
15.585858585858585 0.055397 3.26191e-05
15.777777777777777 0.055789 3.27367e-05
15.969696969696969 0.056165 3.2849500000000005e-05
16.16161616161616 0.056566 3.2969800000000004e-05
16.353535353535353 0.056919 3.30757e-05
16.545454545454547 0.057293 3.31879e-05
16.737373737373737 0.057669 3.3300700000000005e-05
16.929292929292927 0.058035 3.34105e-05
17.12121212121212 0.05842 3.3526000000000004e-05
17.31313131313131 0.058765 3.36295e-05
17.505050505050505 0.059128 3.37384e-05
17.696969696969695 0.059494 3.3848200000000006e-05
17.88888888888889 0.059853 3.3955900000000005e-05
18.08080808080808 0.060216 3.40648e-05
18.27272727272727 0.060569 3.41707e-05
18.464646464646464 0.060937 3.42811e-05
18.656565656565654 0.061276 3.43828e-05
18.848484848484848 0.061616 3.44848e-05
19.040404040404038 0.061957 3.4587100000000006e-05
19.232323232323232 0.062298 3.46894e-05
19.424242424242422 0.06266 3.4798e-05
19.616161616161616 0.062976 3.4892800000000006e-05
19.808080808080806 0.063316 3.49948e-05
20.0 0.063654 3.5096200000000005e-05
